mix_id,bandwidth,malicious,epoch_471
0,7.222983840621532,False,2
1,12.99495957855063,False,-1
2,2.2905328818974637,False,2
3,27.475737665430604,False,2
4,6.307483769780659,False,-1
5,6.657052422554515,False,0
6,6.928901550879272,False,2
7,3.2235882923402825,False,2
8,15.160917700728795,False,0
9,8.85216557772823,False,0
10,0.5387593496234153,False,2
11,1.3608381733895494,False,0
12,8.665212500897265,False,1
13,3.2764987158085663,False,2
14,25.41910765216961,False,-1
15,21.94056134492644,False,0
16,1.9197653236923973,False,2
17,10.862117738311412,False,2
18,0.0838740429849113,False,0
19,0.0893253822484195,False,0
20,11.38880840249868,False,2
21,6.023053028819617,False,-1
22,8.741528699180984,False,2
23,7.176543829821795,False,0
24,23.50657446422732,False,2
25,0.3143266094918713,False,0
26,34.23776541885047,False,-1
27,5.67274083994676,False,-1
28,9.814402331270497,False,2
29,13.170307805453872,False,1
30,12.557068468618962,False,0
31,0.0879598211306067,False,-1
32,0.955780102015627,False,0
33,1.9370167181767812,False,-1
34,1.288079001994806,False,-1
35,26.5504624578652,False,1
36,3.6007512530150185,False,2
37,3.366730204460028,False,-1
38,31.920568058554963,False,-1
39,12.971634235996682,False,2
40,0.3265718338119953,False,0
41,0.217864479105697,False,0
42,20.430784458454426,False,-1
43,6.91864138133942,False,-1
44,5.930846855383085,False,0
45,1.3804897480535747,False,2
46,0.00958687114735,False,0
47,0.1329325119137382,False,2
48,7.759660246133861,False,2
49,0.2793450003174594,False,2
50,8.161581425684348,False,-1
51,4.342795108664408,False,2
52,0.8587638635499052,False,2
53,37.47004998403759,False,2
54,0.0227918061569197,False,0
55,7.932677377941161,False,2
56,11.14858535654003,False,2
57,30.17996887956908,False,0
58,0.3813028211266771,False,2
59,94.71126009940475,False,1
60,0.7987480284864709,False,0
61,1.6179515512481009,False,-1
62,1.264402736043084,False,0
63,6.635158713912974,False,2
64,31.435559910492543,False,0
65,3.1634735148191373,False,-1
66,0.4562868005229911,False,-1
67,25.3168529824582,False,0
68,3.9157126944261527,False,0
69,6.770693549544401,False,1
70,3.361818667947304,False,0
71,0.6111449104971354,False,-1
72,2.7018299850616474,False,0
73,1.339083221836006,False,-1
74,77.1456502908185,False,-1
75,2.802672560202001,False,-1
76,24.68825893105349,False,1
77,48.46296355796333,False,1
78,0.1597448422896347,False,2
79,0.3327312026818199,False,2
80,2.6531127052494243,False,2
81,11.255352376575642,False,0
82,0.0632118184623477,False,-1
83,2.0766719696309788,False,0
84,0.0355688272188148,False,-1
85,3.6218959505412034,False,0
86,1.7125584548985109,False,0
87,6.0866382728234125,False,0
88,10.046364148653572,False,2
89,0.0738613407176482,False,-1
90,16.7230840538725,False,0
91,0.5466740411538141,False,0
92,2.9385253517050685,False,2
93,1.281768657579469,False,0
94,33.89342248706654,False,1
95,0.0014709770630048,False,-1
96,21.00360954327244,False,0
97,22.073210127002856,False,1
98,0.6502917222494822,False,0
99,2.290177699999346,False,2
100,0.6359802654643859,False,2
101,1.3222231398093058,False,2
102,12.9413963854274,False,0
103,2.5292191964312503,False,2
104,3.519268408644296,False,1
105,1.4997860032045405,False,2
106,6.084198906349575,False,2
107,0.02154419763594,False,-1
108,7.894888247926725,False,0
109,3.907179386139684,False,0
110,5.476944471140026,False,-1
111,0.1831518826486015,False,2
112,3.2671667985645576,False,-1
113,19.53676795064546,False,0
114,14.916328679639255,False,2
115,9.825930613321844,False,2
116,8.956546890791149,False,-1
117,2.861526766558621,False,2
118,30.8546287624645,False,0
119,0.1900659948080126,False,0
120,0.1371263431812456,False,0
121,1.9306851636709896,False,2
122,0.9375757044916224,False,-1
123,22.36016713700112,False,-1
124,15.443832904465276,False,2
125,5.711313779207865,False,0
126,6.047686919997623,False,2
127,7.998192931195344,False,0
128,1.5167062947819905,False,2
129,0.3481899236225113,False,0
130,4.807254603128095,False,2
131,7.711019028269362,False,2
132,4.795594057111031,False,0
133,11.559929834362556,False,0
134,3.8190009019596687,False,2
135,1.466411300327974,False,2
136,8.901143892301736,False,-1
137,2.8571998466233444,False,2
138,11.889867506777808,False,0
139,0.9195818248964468,False,-1
140,2.3053450235224253,False,-1
141,8.096075194659191,False,2
142,0.751775071113991,False,0
143,2.4595785433059683,False,0
144,3.891781232841648,False,-1
145,0.292116811337053,False,-1
146,9.803961662234263,False,0
147,51.77541547457985,False,1
148,2.5319028068276888,False,2
149,4.562192836192854,False,2
150,8.61353971130908,False,2
151,67.51846359327342,False,1
152,11.495420107189258,False,-1
153,4.405396693080306,False,0
154,0.4959873145009962,False,0
155,26.645763410221992,False,0
156,6.853165139600421,False,2
157,20.066616589814743,False,2
158,0.0375756180266627,False,2
159,13.187899372669644,False,1
160,1.2152890886855496,False,2
161,19.22685826587295,False,2
162,0.6271096883777841,False,-1
163,18.72887515554368,False,0
164,3.9292103424328686,False,2
165,2.3393090310139257,False,0
166,24.867240840138624,False,1
167,5.632373880265927,False,-1
168,17.45434147466583,False,1
169,2.2683916274970994,False,-1
170,0.0619951987809396,False,0
171,2.1270167981769474,False,2
172,3.379872505595225,False,0
173,42.70993628478921,False,1
174,2.5314490667518807,False,0
175,17.762081358496427,False,2
176,1.1570804771578131,False,-1
177,4.222573709295002,False,0
178,0.4763666710242265,False,0
179,2.86954748604548,False,0
180,0.0187533066911735,False,0
181,10.8906449101972,False,1
182,1.6887829681466198,False,2
183,0.2594820159195495,False,0
184,3.397230520922319,False,0
185,0.0241332534733355,False,0
186,1.0272207065217922,False,2
187,7.090593059885896,False,2
188,5.210249530652914,False,1
189,32.02075535513658,False,0
190,19.98769091431034,False,-1
191,2.6189648555762224,False,0
192,2.753021597530239,False,0
193,8.7061957695639,False,-1
194,14.32120383531931,False,-1
195,1.8480844586590168,False,0
196,22.551315278534425,False,0
197,13.760707187645425,False,0
198,5.670225030985644,False,2
199,7.590336890579204,False,2
200,23.31266802515795,False,2
201,4.578252233253499,False,2
202,1.8779844687055,False,-1
203,5.461126557003204,False,0
204,25.2266598200534,False,2
205,4.133888437800426,False,0
206,11.336738311246688,False,0
207,18.005917227378536,False,0
208,1.1436753347853688,False,2
209,31.71472443222913,False,1
210,2.471130161567515,False,-1
211,0.2105038966763104,False,-1
212,2.0321419869018675,False,-1
213,4.190205391712156,False,2
214,2.1638907067901263,False,0
215,0.7416453383674813,False,0
216,1.6883383031248578,False,0
217,1.6497494898188416,False,2
218,16.87158044776085,False,-1
219,12.868950632841532,False,0
220,22.923385786294592,False,2
221,3.265535612214956,False,2
222,9.757305194447422,False,0
223,0.2780085941671969,False,0
224,7.868681115545239,False,-1
225,7.161751595978835,False,-1
226,29.242513395980417,False,2
227,0.5521587751615542,False,-1
228,1.5781088119553175,False,2
229,0.3257595690163537,False,-1
230,10.403177501610578,False,2
231,0.1021139301845621,False,-1
232,49.2912560776853,False,0
233,23.513458293083307,False,-1
234,53.459331957308265,False,1
235,27.777460200375767,False,-1
236,2.144143466645339,False,0
237,12.085844567095156,False,0
238,6.160429437940615,False,2
239,6.379008792031023,False,2
240,73.94556316443838,False,1
241,9.47665563932466,False,-1
242,6.114727990225081,False,2
243,6.889048962045313,False,0
244,1.832588778776917,False,0
245,4.328665193557031,False,0
246,8.150550506225356,False,0
247,10.01948915615418,False,0
248,2.300555154704365,False,0
249,0.213007049101366,False,-1
250,10.431524144016734,False,2
251,0.6197587119299981,False,0
252,13.83759226552309,False,0
253,6.942734167031842,False,0
254,2.657634444478408,False,-1
255,0.3605711600887702,False,0
256,0.8334508334735075,False,2
257,9.633594444001591,False,2
258,1.5862574540070156,False,-1
259,1.7447465832093836,False,-1
260,12.508029152597413,False,2
261,1.605793060152638,False,2
262,4.329532117312704,False,-1
263,1.8149294603742916,False,2
264,2.0362097253929954,False,-1
265,2.6834841349130487,False,2
266,10.705292134395725,False,1
267,7.946145326451713,False,-1
268,3.353009036895849,False,2
269,0.4220476582836613,False,0
270,2.520038701155745,False,0
271,5.019844542652934,False,-1
272,1.063383832261407,False,0
273,2.1583832852582074,False,2
274,1.139815020571446,False,2
275,9.86701705243387,False,-1
276,0.3956574903864401,False,0
277,12.14869146635579,False,2
278,1.5920542574771797,False,2
279,15.24962894618619,False,2
280,1.0670714078486758,False,-1
281,1.6915524490056897,False,2
282,4.515561257241879,False,0
283,11.152694850764822,False,0
284,6.10983737362435,False,-1
285,32.135866050229325,False,-1
286,2.227748069154916,False,-1
287,32.25784000286614,False,0
288,2.850840460334559,False,0
289,6.289580182079582,False,2
290,10.06470117216622,False,2
291,5.779496541661914,False,0
292,1.1489848594343182,False,-1
293,9.157897656117097,False,0
294,1.082810922824288,False,0
295,1.5835436975302024,False,-1
296,2.85944528184916,False,0
297,43.00430225409702,False,1
298,19.55885628251375,False,-1
299,11.11087382032709,False,2
300,17.242913133988758,False,-1
301,10.83283570679808,False,0
302,0.0176053821848483,False,-1
303,0.4565786914089608,False,0
304,9.296121971237069,False,-1
305,4.291382867467148,False,0
306,8.883131834510213,False,1
307,20.985162734226027,False,1
308,14.29219654693308,False,2
309,12.491640394983069,False,0
310,0.3741965331442648,False,2
311,0.4565337798027671,False,0
312,17.361778530805942,False,1
313,0.7171020663204862,False,-1
314,1.2381673939062658,False,-1
315,6.202130712657025,False,-1
316,37.74433156914234,False,2
317,13.594936541877855,False,0
318,6.030323021576894,False,-1
319,16.14395491883156,False,2
320,0.7863198865778396,False,2
321,4.261228610764103,False,2
322,8.282016506125208,False,2
323,6.952851987902087,False,0
324,4.401683029153494,False,2
325,16.06825053396477,False,0
326,5.819632955433717,False,-1
327,2.0967510977466275,False,2
328,3.4171110476083317,False,2
329,14.553435564110533,False,2
330,0.5309591905265154,False,-1
331,8.224654064966062,False,-1
332,31.177642426433845,False,1
333,2.9153570016345616,False,0
334,1.11254544310314,False,0
335,0.0236336968593,False,0
336,3.995785204914897,False,0
337,0.0872806131419625,False,-1
338,23.86022505337333,False,0
339,7.052918365436064,False,1
340,31.407606571737148,False,1
341,18.85807805026585,False,1
342,2.948771787028839,False,-1
343,1.4120294861920848,False,2
344,2.773219441126324,False,2
345,4.4275598077979765,False,-1
346,1.1093604776234551,False,2
347,11.265827399476724,False,1
348,14.806178681308028,False,0
349,0.2045341595816198,False,2
350,0.589818699582994,False,2
351,0.1622287586026709,False,0
352,0.8723023511511518,False,-1
353,3.361471753053974,False,-1
354,15.128885260079995,False,0
355,6.152921596696869,False,-1
356,10.660189944879662,False,1
357,24.53413229953081,False,-1
358,5.29822494397206,False,0
359,4.309183767213408,False,-1
360,10.29589243774947,False,0
361,14.426955170502795,False,-1
362,0.9570354941604884,False,-1
363,0.105916049389329,False,2
364,21.018242136531818,False,1
365,14.977124512618484,False,1
366,22.101708477807577,False,-1
367,8.076160351787992,False,2
368,18.03305454117104,False,0
369,3.660355905583242,False,0
370,11.863932431741144,False,0
371,18.23201441183725,False,-1
372,2.873062927061197,False,0
373,0.1242228563066657,False,-1
374,6.959930343123728,False,0
375,2.396984834128667,False,0
376,2.0916928982043306,False,-1
377,8.097090217980579,False,-1
378,5.526315027316337,False,2
379,23.75960159533675,False,0
380,10.22907870701176,False,-1
381,14.221301492637048,False,-1
382,40.032399244775576,False,1
383,0.4996118253385082,False,2
384,2.5099459915490367,False,2
385,7.57919865048742,False,2
386,2.763238527052697,False,-1
387,0.151785667333008,False,-1
388,0.0395922280321298,False,0
389,30.26161092628937,False,2
390,1.5540270642210472,False,2
391,18.17303855731383,False,0
392,1.461238551517837,False,-1
393,4.17035748309384,False,0
394,4.188122781957565,False,-1
395,7.744784493566159,False,0
396,64.03629403208222,False,1
397,15.356991252713827,False,0
398,5.467110527593729,False,2
399,0.0027566581426372,False,0
400,7.322315543492404,False,-1
401,0.9315831275521156,False,-1
402,0.7617569324223576,False,0
403,4.539043399546694,False,2
404,10.79179286779702,False,1
405,38.32703484917172,False,2
406,8.091101827137855,False,0
407,3.793755282468191,False,-1
408,0.5814704091774804,False,0
409,3.6374479633259114,False,-1
410,8.259595847739337,False,-1
411,8.47254701973259,False,2
412,21.51499592250857,False,2
413,4.857810355781244,False,2
414,41.62345535221173,False,1
415,8.576797585317868,False,2
416,6.644511069332314,False,2
417,3.6231565398598247,False,-1
418,5.382973901257365,False,-1
419,0.865804348373797,False,-1
420,0.2602519382273326,False,-1
421,48.73999237244181,False,1
422,3.462805046366595,False,0
423,0.1800520128914459,False,-1
424,5.009841455238176,False,0
425,21.531344539753206,False,2
426,0.4043574420854997,False,-1
427,13.779911123652074,False,0
428,0.3750207192123193,False,2
429,23.41546806561848,False,0
430,18.462838090034925,False,1
431,6.821648635289114,False,-1
432,5.703562863056953,False,0
433,1.68699563993414,False,-1
434,1.7099713331092912,False,2
435,0.0852527137775551,False,-1
436,3.683516826264347,False,2
437,2.724591273266101,False,2
438,0.1922226400151568,False,0
439,0.6139763618470436,False,2
440,13.390624623687108,False,-1
441,22.23102988089705,False,-1
442,8.97466848669045,False,0
443,26.2774226443482,False,1
444,5.279227884486816,False,-1
445,4.531957001236853,False,0
446,3.6852865795294254,False,0
447,25.07471086125803,False,-1
448,8.799268347365558,False,0
449,25.934282413321124,False,2
450,27.288726528015385,False,-1
451,1.6977396049389573,False,2
452,24.504055299691576,False,2
453,0.6174023532799974,False,-1
454,40.0963820318979,False,0
455,4.0845636454478855,False,0
456,2.388963343468435,False,0
457,3.904925739979895,False,2
458,23.028295307805926,False,2
459,2.291218874568838,False,-1
460,4.845427890873353,False,0
461,2.1111746525585477,False,0
462,2.9063617050876385,False,2
463,12.875352884951996,False,0
464,21.597830068954213,False,0
465,34.15180383804528,False,1
466,29.62619235957218,False,1
467,2.4310400612230074,False,0
468,2.11724683666446,False,-1
469,12.830088290786447,False,-1
470,2.3896824899172078,False,-1
471,27.055487977241494,False,2
472,2.9510424627697835,False,0
473,1.3207113881298238,False,0
474,11.632937145142836,False,1
475,3.343063167658717,False,-1
476,2.980491773745417,False,2
477,2.998256413208819,False,2
478,20.00013561073506,False,0
479,4.338950780755805,False,0
480,7.444764120546111,False,-1
481,17.254026583978142,False,0
482,4.397514123162846,False,-1
483,0.290986910131596,False,2
484,0.7075054726068125,False,2
485,41.63362529502474,False,0
486,1.1839606542657608,False,0
487,5.276071641006528,False,2
488,7.4555238527049585,False,0
489,9.613306274407336,False,2
490,0.9301073772581204,False,-1
491,5.592975055694941,False,-1
492,16.163173759244383,False,-1
493,0.7601369478360029,False,0
494,0.0011888950153816,False,0
495,5.775471861203541,False,0
496,14.365717656130984,False,2
497,7.212724333392242,False,2
498,6.72625726032332,False,-1
499,0.1450713269292027,False,0
500,0.1795993920905388,False,-1
501,1.0760886967637435,False,0
502,21.276842994060093,False,0
503,3.062305171543364,False,-1
504,5.255791928762738,False,0
505,8.622770221130427,False,1
506,12.091392353710924,False,0
507,14.647696603399629,False,0
508,7.331185602055113,False,2
509,12.5006018020376,False,-1
510,14.210021923635486,False,2
511,2.2807682403697616,False,0
512,1.037526909600761,False,2
513,6.679599270379589,False,2
514,1.5987322720778006,False,2
515,0.090227450412424,False,2
516,11.656488619393231,False,-1
517,2.405077170145549,False,2
518,1.7028088850648906,False,2
519,14.051566194979156,False,-1
520,2.7920217278202126,False,-1
521,4.054026566094551,False,0
522,5.883887338213456,False,0
523,33.37674160293596,False,1
524,6.232871681906414,False,2
525,20.964961100892644,False,2
526,0.1323553245032362,False,-1
527,2.689445262590535,False,0
528,14.647336345902737,False,-1
529,2.964316460795763,False,0
530,0.6285628813675813,False,0
531,16.389048032922148,False,1
532,18.935023514688982,False,2
533,30.74608993443885,False,1
534,0.7289295868046636,False,0
535,0.9166895649068496,False,-1
536,0.3129108300178844,False,0
537,23.72501572125586,False,0
538,3.5041810114736283,False,0
539,3.8721119670597535,False,2
540,9.841841060589845,False,-1
541,8.709313276359184,False,0
542,0.985395801784254,False,0
543,15.787586893345612,False,2
544,6.000101713083472,False,-1
545,4.147016490534163,False,0
546,40.308192030319,False,-1
547,6.132652834812461,False,0
548,0.0483516044588161,False,0
549,9.322903883494204,False,0
550,9.790666644776518,False,-1
551,14.024082209414416,False,2
552,1.919079783291892,False,2
553,6.459094265335266,False,-1
554,1.9692954525185944,False,2
555,5.068024839066296,False,0
556,5.781964601486287,False,2
557,0.050062868963143,False,2
558,11.029807736129856,False,-1
559,1.8119587898123788,False,-1
560,1.877649581555037,False,2
561,13.161356134081592,False,0
562,0.1141557737686587,False,2
563,2.278344683270902,False,2
564,17.361941116787523,False,2
565,0.2944252070210845,False,-1
566,10.037373935752166,False,2
567,5.892928667169507,False,0
568,20.101026793915512,False,2
569,2.735002249263679,False,-1
570,22.99454715685501,False,1
571,0.3860989681995762,False,-1
572,5.067005999898323,False,-1
573,6.515454060486762,False,2
574,22.57084178605792,False,0
575,4.132001157278067,False,0
576,16.86216812721306,False,-1
577,0.18592070994944,False,2
578,1.4320343555455972,False,0
579,8.651857118633716,False,-1
580,2.926652610955802,False,-1
581,0.4903700358173645,False,-1
582,13.767012676503784,False,-1
583,3.723871477885209,False,0
584,5.707014687216323,False,-1
585,0.9393800799498568,False,0
586,5.028658711730952,False,2
587,7.462121889293842,False,2
588,11.036754238970474,False,-1
589,4.260328568774575,False,0
590,0.5366602523021543,False,-1
591,15.82930660494923,False,2
592,27.016788162936244,False,2
593,0.7756853440321564,False,-1
594,8.13393872557264,False,0
595,5.875103034281672,False,1
596,6.333323509109446,False,2
597,9.158525464784953,False,0
598,0.4682512505172689,False,2
599,16.3571061359121,False,-1
600,0.0342493032364764,False,-1
601,0.0215145158908987,False,0
602,0.0018789969971235,False,2
603,1.204492287587481,False,2
604,1.1024131048848462,False,2
605,12.42487585567801,False,0
606,12.637276594396107,False,0
607,9.718082028480056,False,2
608,4.586251743046286,False,-1
609,12.10489331562863,False,1
610,3.971946758964148,False,-1
611,2.473184295722195,False,-1
612,45.05842717060943,False,1
613,6.863757867393137,False,-1
614,5.511397369911865,False,0
615,0.4169631131055335,False,-1
616,4.04716624769613,False,0
617,5.82612951506946,False,0
618,8.796265868703212,False,-1
619,5.469286927432058,False,2
620,0.71756812697688,False,2
621,9.339607413740495,False,2
622,4.57717411792193,False,2
623,15.524418663025562,False,0
624,31.652045315134224,False,-1
625,14.0193378699988,False,0
626,17.63745740174689,False,-1
627,1.212750295234758,False,-1
628,4.222622813002613,False,2
629,4.425945695557727,False,0
630,0.132236990369341,False,2
631,0.2739723911073689,False,2
632,0.9797552667084394,False,0
633,9.114078683572844,False,0
634,2.0354324164788555,False,-1
635,30.703816702845824,False,2
636,7.876733552133146,False,2
637,0.401386095703769,False,0
638,2.009415564221672,False,0
639,0.3309104031077384,False,0
640,10.583808247642343,False,1
641,5.503009289614928,False,0
642,0.1258703340214993,False,-1
643,13.147817043113822,False,-1
644,12.916217452992557,False,0
645,2.359439931107758,False,2
646,6.625580273290994,False,-1
647,0.3278957429583415,False,2
648,11.6339696587913,False,-1
649,16.142186250586413,False,-1
650,28.81827430662494,False,-1
651,2.835536509992976,False,0
652,0.393417661027178,False,-1
653,16.95988366016826,False,2
654,16.737238229345163,False,2
655,24.26705983650891,False,-1
656,5.562476045097894,False,1
657,0.2048254573629591,False,2
658,15.83703150022274,False,1
659,8.492553151715768,False,1
660,12.351325171650064,False,0
661,3.3598749577607783,False,2
662,2.684430990408509,False,1
663,4.010409212511575,False,-1
664,0.9780745203603952,False,0
665,15.69268113793094,False,2
666,2.1263756252246813,False,-1
667,11.952294121980708,False,2
668,1.6665727161032418,False,2
669,9.665676043750947,False,2
670,4.830049983739097,False,0
671,30.60621787043469,False,2
672,7.994482255839342,False,2
673,8.748155954020346,False,0
674,4.207980943364957,False,2
675,7.867205421848479,False,2
676,0.465476108928482,False,0
677,1.1124010826376882,False,2
678,4.5317048733241085,False,2
679,16.58656528837133,False,-1
680,9.317216578299668,False,2
681,0.7266029636939237,False,2
682,21.77367981260068,False,2
683,2.273668459406288,False,0
684,1.990418290428794,False,2
685,4.510908134853038,False,0
686,2.3879460176937823,False,0
687,7.233266496702922,False,0
688,0.1225702609325946,False,-1
689,19.534678375086127,False,0
690,7.220587991062894,False,-1
691,14.413782983516011,False,2
692,1.3481145208027012,False,2
693,2.417981668314047,False,0
694,1.110235744116317,False,2
695,3.563069987274166,False,-1
696,0.0602537979400819,False,2
697,2.24207614236039,False,0
698,0.0178087371265092,False,2
699,3.7067410325053753,False,-1
700,1.0833207624257482,False,-1
701,36.3811095622705,False,1
702,7.247825497367534,False,-1
703,15.761426953423689,False,1
704,21.906984927189622,False,-1
705,2.4834399606340862,False,0
706,0.4991831473249249,False,2
707,0.9526371986195634,False,2
708,27.149405892898,False,2
709,10.716881051123336,False,2
710,29.3739160300664,False,-1
711,4.815808553542498,False,0
712,3.5934545699150995,False,0
713,17.85693633690574,False,0
714,26.745978935216623,False,2
715,0.7190224383216542,False,0
716,11.121599015045472,False,0
717,4.965589474347268,False,0
718,3.223475710451273,False,0
719,1.3719518034436116,False,1
720,2.7541562625897624,False,2
721,7.238390877308507,False,1
722,18.01825712502388,False,-1
723,7.6242251345284435,False,2
724,6.312140478003112,False,2
725,9.101888727018906,False,-1
726,4.549035275420773,False,2
727,6.983950755996524,False,0
728,47.74084306436389,False,-1
729,25.56868661623389,False,1
730,3.147572773176372,False,0
731,4.965006934052012,False,2
732,1.365515913283057,False,-1
733,0.2957730073123448,False,0
734,0.8426282545605938,False,2
735,11.402912467445647,False,0
736,19.29915511514037,False,2
737,35.032770775401765,False,1
738,17.361936536486514,False,-1
739,51.74722500242667,False,2
740,5.5933441600287575,False,2
741,0.6369081534597912,False,0
742,1.82493638177252,False,-1
743,21.100277426572656,False,1
744,1.9263326032294168,False,-1
745,9.789075225421469,False,1
746,12.813066786885376,False,0
747,0.6345074969228179,False,2
748,0.4182658570214342,False,0
749,7.06501238463868,False,2
750,0.311973936599441,False,-1
751,1.0799953289800497,False,2
752,0.7537343206789755,False,0
753,2.0189483883875283,False,0
754,0.2484193975550137,False,0
755,37.90019076568718,False,-1
756,2.873377825423463,False,2
757,2.0580226178123198,False,0
758,9.379303260404225,False,-1
759,7.872350148336072,False,2
760,5.174720308142169,False,2
761,0.7517765924870017,False,0
762,3.118374447528076,False,-1
763,8.966939487854278,False,2
764,1.3909708418711029,False,-1
765,1.5798668566066307,False,2
766,0.8425766015988566,False,0
767,11.35188632246805,False,-1
768,6.601058318175743,False,-1
769,18.80023923064294,False,2
770,12.79030697770409,False,0
771,3.4802785978872293,False,1
772,1.6676935232736438,False,2
773,28.52483066157521,False,2
774,7.813536882729383,False,0
775,10.211191670445483,False,0
776,2.8373640463135152,False,0
777,7.068530319586261,False,2
778,0.5220348604933238,False,-1
779,1.803823321131785,False,2
780,16.46703701565486,False,2
781,13.895391808124623,False,0
782,14.420323856944,False,2
783,1.7036584375025812,False,0
784,6.301957788594934,False,0
785,6.912533125498883,False,-1
786,12.950831815640734,False,1
787,4.767995547695795,False,1
788,2.467981913267461,False,2
789,7.5547564590093,False,2
790,3.3144412344691663,False,2
791,4.417533203531124,False,1
792,8.812650231289236,False,-1
793,15.725003338010882,False,0
794,7.291126291135609,False,0
795,0.2730371541582004,False,0
796,1.2928857120723762,False,-1
797,27.259886853262145,False,-1
798,3.659325182811085,False,2
799,27.63951691483035,False,-1
800,0.1439835279373021,False,2
801,15.00616840858278,False,0
802,4.252056986120564,False,0
803,9.508721432190749,False,-1
804,3.1785585943227006,False,0
805,11.878630152265073,False,0
806,2.279214155004506,False,2
807,10.382223767295724,False,0
808,7.084026056052741,False,-1
809,2.71951717102228,False,0
810,2.470145304251831,False,-1
811,2.791201730770183,False,-1
812,1.8547938773269887,False,-1
813,5.207207173537136,False,2
814,14.8428438175351,False,0
815,0.507526244561944,False,0
816,21.371585759191586,False,2
817,4.694963497818322,False,0
818,0.7248671557859524,False,0
819,1.476031842308542,False,0
820,9.542515076841184,False,0
821,12.340208108163388,False,-1
822,6.542802422000163,False,-1
823,19.8063494901396,False,1
824,6.5150164543329945,False,0
825,10.190246827816289,False,2
826,38.419385150748354,False,0
827,45.71217912073713,False,1
828,5.453364651654771,False,2
829,1.2297856060891568,False,2
830,10.004436331639772,False,2
831,25.692512764028272,False,1
832,15.754483993226543,False,2
833,3.119744032777907,False,0
834,8.67240433328323,False,1
835,6.464433010052744,False,2
836,2.147732569523612,False,0
837,1.7298570787429774,False,2
838,2.050879340795283,False,0
839,2.565587602298161,False,2
840,9.428316483836053,False,-1
841,1.120133810571451,False,0
842,10.692641524890249,False,0
843,4.79881513451242,False,0
844,68.69136416836822,False,1
845,0.5131503634386081,False,2
846,0.3067827413492333,False,2
847,11.250086515424789,False,-1
848,0.059947122616012,False,-1
849,5.063589481635732,False,-1
850,32.90907870330513,False,1
851,60.89346684395075,False,1
852,12.838628350043944,False,0
853,18.69351971127346,False,1
854,0.2646414987791723,False,-1
855,10.297302524829524,False,0
856,13.632530374455872,False,2
857,3.4202933714913915,False,0
858,2.205572827913084,False,1
859,2.4841305366497592,False,1
860,0.2902798366297953,False,0
861,8.314722550866941,False,1
862,4.729666095731681,False,2
863,14.87026822761588,False,2
864,4.850002880851632,False,-1
865,3.206151311618676,False,2
866,5.719289451420579,False,-1
867,4.693131790443817,False,2
868,18.357305586111664,False,0
869,5.7588059053183,False,2
870,0.357801830719142,False,-1
871,2.2765042892388188,False,-1
872,34.72343391533059,False,-1
873,0.3624589889996533,False,0
874,2.4249325890108797,False,2
875,9.248633939047568,False,-1
876,12.12748695005862,False,2
877,4.84737653080504,False,2
878,24.460571312393064,False,-1
879,46.57788178310466,False,1
880,0.5591767564471265,False,-1
881,0.1503520131509234,False,-1
882,2.54796859085315,False,1
883,2.029367006137261,False,0
884,14.14709550286274,False,0
885,6.349978458789142,False,-1
886,0.0472038745239248,False,-1
887,0.5995390038395576,False,0
888,5.156705814243048,False,-1
889,56.98627558956549,False,0
890,7.100310729986689,False,-1
891,46.38729766800207,False,0
892,3.762545081179705,False,0
893,6.1892796074670375,False,2
894,7.281361707117949,False,0
895,12.59524478262956,False,2
896,50.762857947514526,False,-1
897,18.777004312709145,False,0
898,0.0736519562756137,False,0
899,3.0461907968707305,False,-1
900,6.88007554355008,False,0
901,4.575100483503224,False,-1
902,2.990780412993144,False,-1
903,0.1332277328757607,False,0
904,1.9096241587846337,False,0
905,9.594466735690371,False,0
906,0.0519723562748491,False,2
907,2.3234073502518124,False,2
908,5.515627858318431,False,-1
909,0.1399986715187822,False,2
910,11.541147357287326,False,0
911,0.154521505031264,False,2
912,4.950230206753071,False,2
913,6.368811079091967,False,2
914,9.111514439359482,False,0
915,16.771931467199533,False,2
916,8.682001203509298,False,1
917,0.7363252833362816,False,2
918,0.0095339349658638,False,-1
919,7.700476925288867,False,2
920,0.6961452035062832,False,-1
921,1.514934139221114,False,2
922,1.0506918557236922,False,2
923,0.9929194805554594,False,0
924,1.37009934803447,False,0
925,0.1410898384378743,False,0
926,12.479293063386809,False,-1
927,6.946505372866585,False,-1
928,0.6120910973475316,False,0
929,1.8217407456073285,False,1
930,4.558930404804506,False,2
931,44.18862259024354,False,2
932,3.937999759487452,False,-1
933,4.183141476583802,False,2
934,2.100412393477224,False,2
935,5.319156597581045,False,2
936,18.856815530485218,False,1
937,11.1942853168995,False,2
938,0.152502345428132,False,2
939,21.898189740616708,False,1
940,7.922187142775187,False,2
941,6.177553433619822,False,2
942,2.967066141885085,False,0
943,17.331253200993807,False,2
944,16.80970609786626,False,0
945,15.272238250108073,False,2
946,0.2121089138739512,False,0
947,0.1396308208105365,False,-1
948,3.689396579152585,False,0
949,10.9648803243173,False,-1
950,61.55939280783328,False,1
951,5.058984863677512,False,2
952,16.96208127374067,False,2
953,14.43363023726692,False,2
954,0.8831474050475595,False,-1
955,6.541699257250958,False,-1
956,0.226018880522948,False,0
957,5.664253609896357,False,0
958,18.66859710646896,False,0
959,42.36792989247749,False,1
960,8.177939752991872,False,-1
961,7.309634554191463,False,0
962,9.449619922638394,False,0
963,1.6926802536576724,False,-1
964,2.8377463949072457,False,0
965,0.4205449090539662,False,0
966,14.959588827722206,False,2
967,11.993082427238008,False,2
968,11.078134174025566,False,-1
969,0.6114251614497457,False,-1
970,1.6666733804169451,False,2
971,24.0731795046392,False,2
972,0.0836138031900923,False,0
973,13.775675481288909,False,2
974,0.3485658376815542,False,2
975,0.2874790526666381,False,0
976,0.7335665173703824,False,2
977,2.267386480692178,False,2
978,0.179309508377908,False,2
979,3.6705353541470704,False,-1
980,6.725387985898759,False,2
981,0.237074745953652,False,2
982,13.58003932430631,False,0
983,3.771394808407501,False,-1
984,0.000108263847875,False,2
985,9.488368974722633,False,0
986,90.10296939356996,False,0
987,15.310705382123473,False,0
988,8.339084212634338,False,-1
989,14.46339604362582,False,-1
990,4.70447923189985,False,-1
991,0.3436310955980724,False,0
992,0.0718861281110693,False,0
993,11.269070562364025,False,0
994,11.07955105356093,False,0
995,0.4508374604671479,False,2
996,1.8355978064902716,False,-1
997,13.11747992412537,False,2
998,11.201690653608289,False,2
999,18.139795501042293,False,2
1000,76.50743077877327,True,1
1001,80.33160073921414,True,-1
1002,100.85170083965707,True,1
1003,79.87103365716669,True,1
1004,83.9456371409945,True,1
1005,103.8328017110337,True,1
1006,101.35951619362788,True,-1
1007,87.21184386808284,True,0
1008,25.336010158568072,True,1
1009,25.336010158568072,True,1
1010,25.336010158568072,True,2
1011,25.336010158568072,True,2
1012,25.336010158568072,True,-1
1013,25.336010158568072,True,-1
1014,25.336010158568072,True,1
1015,25.336010158568072,True,1
1016,25.336010158568072,True,2
1017,25.336010158568072,True,0
1018,25.336010158568072,True,0
1019,25.336010158568072,True,-1
1020,25.336010158568072,True,-1
1021,25.336010158568072,True,-1
1022,25.336010158568072,True,2
1023,25.336010158568072,True,0
1024,25.336010158568072,True,1
1025,25.336010158568072,True,-1
1026,25.336010158568072,True,0
1027,25.336010158568072,True,2
1028,25.336010158568072,True,2
1029,25.336010158568072,True,0
1030,25.336010158568072,True,1
1031,25.336010158568072,True,1
1032,25.336010158568072,True,1
1033,25.336010158568072,True,-1
1034,25.336010158568072,True,1
1035,25.336010158568072,True,-1
1036,25.336010158568072,True,2
1037,25.336010158568072,True,-1
1038,25.336010158568072,True,2
1039,25.336010158568072,True,-1
1040,25.336010158568072,True,2
1041,25.336010158568072,True,2
1042,25.336010158568072,True,2
1043,25.336010158568072,True,-1
1044,25.336010158568072,True,0
1045,25.336010158568072,True,-1
1046,25.336010158568072,True,1
1047,25.336010158568072,True,-1
1048,25.336010158568072,True,2
1049,25.336010158568072,True,0
1050,25.336010158568072,True,0
1051,25.336010158568072,True,1
1052,25.336010158568072,True,2
1053,25.336010158568072,True,2
1054,25.336010158568072,True,2
1055,25.336010158568072,True,0
1056,25.336010158568072,True,2
1057,25.336010158568072,True,0
1058,25.336010158568072,True,-1
1059,25.336010158568072,True,2
1060,25.336010158568072,True,0
1061,25.336010158568072,True,-1
1062,25.336010158568072,True,1
1063,25.336010158568072,True,-1
1064,25.336010158568072,True,2
1065,25.336010158568072,True,0
1066,25.336010158568072,True,2
1067,25.336010158568072,True,-1
1068,46.168739828489834,True,-1
1069,-2.0,-2,-2
1070,-2.0,-2,-2
1071,-2.0,-2,-2
1072,-2.0,-2,-2
1073,-2.0,-2,-2
1074,-2.0,-2,-2
1075,-2.0,-2,-2
1076,-2.0,-2,-2
1077,-2.0,-2,-2
1078,-2.0,-2,-2
1079,-2.0,-2,-2
1080,-2.0,-2,-2
1081,-2.0,-2,-2
1082,-2.0,-2,-2
1083,-2.0,-2,-2
1084,-2.0,-2,-2
1085,-2.0,-2,-2
1086,-2.0,-2,-2
1087,-2.0,-2,-2
1088,-2.0,-2,-2
1089,-2.0,-2,-2
1090,-2.0,-2,-2
1091,-2.0,-2,-2
1092,-2.0,-2,-2
1093,-2.0,-2,-2
1094,-2.0,-2,-2
1095,-2.0,-2,-2
1096,-2.0,-2,-2
1097,-2.0,-2,-2
1098,-2.0,-2,-2
1099,-2.0,-2,-2
1100,-2.0,-2,-2
1101,-2.0,-2,-2
1102,-2.0,-2,-2
1103,-2.0,-2,-2
1104,-2.0,-2,-2
1105,-2.0,-2,-2
1106,-2.0,-2,-2
1107,-2.0,-2,-2
1108,-2.0,-2,-2
1109,-2.0,-2,-2
1110,-2.0,-2,-2
1111,-2.0,-2,-2
1112,-2.0,-2,-2
1113,-2.0,-2,-2
1114,-2.0,-2,-2
1115,-2.0,-2,-2
1116,-2.0,-2,-2
1117,-2.0,-2,-2
1118,-2.0,-2,-2
1119,-2.0,-2,-2
1120,-2.0,-2,-2
1121,-2.0,-2,-2
1122,-2.0,-2,-2
1123,-2.0,-2,-2
1124,-2.0,-2,-2
1125,-2.0,-2,-2
1126,-2.0,-2,-2
1127,-2.0,-2,-2
1128,-2.0,-2,-2
1129,-2.0,-2,-2
1130,-2.0,-2,-2
1131,-2.0,-2,-2
1132,-2.0,-2,-2
1133,-2.0,-2,-2
1134,-2.0,-2,-2
1135,-2.0,-2,-2
1136,-2.0,-2,-2
1137,-2.0,-2,-2
1138,-2.0,-2,-2
1139,-2.0,-2,-2
1140,-2.0,-2,-2
1141,-2.0,-2,-2
1142,-2.0,-2,-2
1143,-2.0,-2,-2
1144,-2.0,-2,-2
1145,-2.0,-2,-2
1146,-2.0,-2,-2
1147,-2.0,-2,-2
1148,-2.0,-2,-2
1149,-2.0,-2,-2
1150,-2.0,-2,-2
1151,-2.0,-2,-2
1152,-2.0,-2,-2
1153,-2.0,-2,-2
1154,-2.0,-2,-2
1155,-2.0,-2,-2
1156,-2.0,-2,-2
1157,-2.0,-2,-2
1158,-2.0,-2,-2
1159,-2.0,-2,-2
1160,-2.0,-2,-2
1161,-2.0,-2,-2
1162,-2.0,-2,-2
1163,-2.0,-2,-2
1164,-2.0,-2,-2
1165,-2.0,-2,-2
1166,-2.0,-2,-2
1167,-2.0,-2,-2
1168,-2.0,-2,-2
1169,-2.0,-2,-2
1170,-2.0,-2,-2
1171,-2.0,-2,-2
1172,-2.0,-2,-2
1173,-2.0,-2,-2
1174,-2.0,-2,-2
1175,-2.0,-2,-2
1176,-2.0,-2,-2
1177,-2.0,-2,-2
1178,-2.0,-2,-2
1179,-2.0,-2,-2
1180,-2.0,-2,-2
1181,-2.0,-2,-2
1182,-2.0,-2,-2
1183,-2.0,-2,-2
1184,-2.0,-2,-2
1185,-2.0,-2,-2
1186,-2.0,-2,-2
1187,-2.0,-2,-2
1188,-2.0,-2,-2
1189,-2.0,-2,-2
1190,-2.0,-2,-2
1191,-2.0,-2,-2
1192,-2.0,-2,-2
1193,-2.0,-2,-2
1194,-2.0,-2,-2
1195,-2.0,-2,-2
1196,-2.0,-2,-2
1197,-2.0,-2,-2
1198,-2.0,-2,-2
1199,-2.0,-2,-2
1200,-2.0,-2,-2
1201,-2.0,-2,-2
1202,-2.0,-2,-2
1203,-2.0,-2,-2
1204,-2.0,-2,-2
1205,-2.0,-2,-2
1206,-2.0,-2,-2
1207,-2.0,-2,-2
1208,-2.0,-2,-2
1209,-2.0,-2,-2
1210,-2.0,-2,-2
1211,-2.0,-2,-2
1212,-2.0,-2,-2
1213,-2.0,-2,-2
1214,-2.0,-2,-2
1215,-2.0,-2,-2
1216,-2.0,-2,-2
1217,-2.0,-2,-2
1218,-2.0,-2,-2
1219,-2.0,-2,-2
1220,-2.0,-2,-2
1221,-2.0,-2,-2
1222,-2.0,-2,-2
1223,-2.0,-2,-2
1224,-2.0,-2,-2
1225,-2.0,-2,-2
1226,-2.0,-2,-2
1227,-2.0,-2,-2
1228,-2.0,-2,-2
1229,-2.0,-2,-2
1230,-2.0,-2,-2
1231,-2.0,-2,-2
1232,-2.0,-2,-2
1233,-2.0,-2,-2
1234,-2.0,-2,-2
1235,-2.0,-2,-2
1236,-2.0,-2,-2
1237,-2.0,-2,-2
1238,-2.0,-2,-2
1239,-2.0,-2,-2
1240,-2.0,-2,-2
1241,-2.0,-2,-2
1242,-2.0,-2,-2
1243,-2.0,-2,-2
1244,-2.0,-2,-2
1245,-2.0,-2,-2
1246,-2.0,-2,-2
1247,-2.0,-2,-2
1248,-2.0,-2,-2
1249,-2.0,-2,-2
1250,-2.0,-2,-2
1251,-2.0,-2,-2
1252,-2.0,-2,-2
1253,-2.0,-2,-2
1254,-2.0,-2,-2
1255,-2.0,-2,-2
1256,-2.0,-2,-2
1257,-2.0,-2,-2
1258,-2.0,-2,-2
1259,-2.0,-2,-2
1260,-2.0,-2,-2
1261,-2.0,-2,-2
1262,-2.0,-2,-2
1263,-2.0,-2,-2
1264,-2.0,-2,-2
1265,-2.0,-2,-2
1266,-2.0,-2,-2
1267,-2.0,-2,-2
1268,-2.0,-2,-2
1269,-2.0,-2,-2
1270,-2.0,-2,-2
1271,-2.0,-2,-2
1272,-2.0,-2,-2
1273,-2.0,-2,-2
1274,-2.0,-2,-2
1275,-2.0,-2,-2
1276,-2.0,-2,-2
1277,-2.0,-2,-2
1278,-2.0,-2,-2
1279,-2.0,-2,-2
1280,-2.0,-2,-2
1281,-2.0,-2,-2
1282,-2.0,-2,-2
1283,-2.0,-2,-2
1284,-2.0,-2,-2
1285,-2.0,-2,-2
1286,-2.0,-2,-2
1287,-2.0,-2,-2
1288,-2.0,-2,-2
1289,-2.0,-2,-2
1290,-2.0,-2,-2
1291,-2.0,-2,-2
1292,-2.0,-2,-2
1293,-2.0,-2,-2
1294,-2.0,-2,-2
1295,-2.0,-2,-2
1296,-2.0,-2,-2
1297,-2.0,-2,-2
1298,-2.0,-2,-2
1299,-2.0,-2,-2
1300,-2.0,-2,-2
1301,-2.0,-2,-2
1302,-2.0,-2,-2
1303,-2.0,-2,-2
1304,-2.0,-2,-2
1305,-2.0,-2,-2
1306,-2.0,-2,-2
1307,-2.0,-2,-2
1308,-2.0,-2,-2
1309,-2.0,-2,-2
1310,-2.0,-2,-2
1311,-2.0,-2,-2
1312,-2.0,-2,-2
1313,-2.0,-2,-2
1314,-2.0,-2,-2
1315,-2.0,-2,-2
1316,-2.0,-2,-2
1317,-2.0,-2,-2
1318,-2.0,-2,-2
1319,-2.0,-2,-2
1320,-2.0,-2,-2
1321,-2.0,-2,-2
1322,-2.0,-2,-2
1323,-2.0,-2,-2
1324,-2.0,-2,-2
1325,-2.0,-2,-2
1326,-2.0,-2,-2
1327,-2.0,-2,-2
1328,-2.0,-2,-2
1329,-2.0,-2,-2
1330,-2.0,-2,-2
1331,-2.0,-2,-2
1332,-2.0,-2,-2
1333,-2.0,-2,-2
1334,-2.0,-2,-2
1335,-2.0,-2,-2
1336,-2.0,-2,-2
1337,-2.0,-2,-2
1338,-2.0,-2,-2
1339,-2.0,-2,-2
1340,-2.0,-2,-2
1341,-2.0,-2,-2
1342,-2.0,-2,-2
1343,-2.0,-2,-2
1344,-2.0,-2,-2
1345,-2.0,-2,-2
1346,-2.0,-2,-2
1347,-2.0,-2,-2
1348,-2.0,-2,-2
1349,-2.0,-2,-2
1350,-2.0,-2,-2
1351,-2.0,-2,-2
1352,-2.0,-2,-2
1353,-2.0,-2,-2
1354,-2.0,-2,-2
1355,-2.0,-2,-2
1356,-2.0,-2,-2
1357,-2.0,-2,-2
1358,-2.0,-2,-2
1359,-2.0,-2,-2
1360,-2.0,-2,-2
1361,-2.0,-2,-2
1362,-2.0,-2,-2
1363,-2.0,-2,-2
1364,-2.0,-2,-2
1365,-2.0,-2,-2
1366,-2.0,-2,-2
1367,-2.0,-2,-2
1368,-2.0,-2,-2
1369,-2.0,-2,-2
1370,-2.0,-2,-2
1371,-2.0,-2,-2
1372,-2.0,-2,-2
1373,-2.0,-2,-2
1374,-2.0,-2,-2
1375,-2.0,-2,-2
1376,-2.0,-2,-2
1377,-2.0,-2,-2
1378,-2.0,-2,-2
1379,-2.0,-2,-2
1380,-2.0,-2,-2
1381,-2.0,-2,-2
1382,-2.0,-2,-2
1383,-2.0,-2,-2
1384,-2.0,-2,-2
1385,-2.0,-2,-2
1386,-2.0,-2,-2
1387,-2.0,-2,-2
1388,-2.0,-2,-2
1389,-2.0,-2,-2
1390,-2.0,-2,-2
1391,-2.0,-2,-2
1392,-2.0,-2,-2
1393,-2.0,-2,-2
1394,-2.0,-2,-2
1395,-2.0,-2,-2
1396,-2.0,-2,-2
1397,-2.0,-2,-2
1398,-2.0,-2,-2
1399,-2.0,-2,-2
1400,-2.0,-2,-2
1401,-2.0,-2,-2
1402,-2.0,-2,-2
1403,-2.0,-2,-2
1404,-2.0,-2,-2
1405,-2.0,-2,-2
1406,-2.0,-2,-2
1407,-2.0,-2,-2
1408,-2.0,-2,-2
1409,-2.0,-2,-2
1410,-2.0,-2,-2
1411,-2.0,-2,-2
1412,-2.0,-2,-2
1413,-2.0,-2,-2
1414,-2.0,-2,-2
1415,-2.0,-2,-2
1416,-2.0,-2,-2
1417,-2.0,-2,-2
1418,-2.0,-2,-2
1419,-2.0,-2,-2
1420,-2.0,-2,-2
1421,-2.0,-2,-2
1422,-2.0,-2,-2
1423,-2.0,-2,-2
1424,-2.0,-2,-2
1425,-2.0,-2,-2
1426,-2.0,-2,-2
1427,-2.0,-2,-2
1428,-2.0,-2,-2
1429,-2.0,-2,-2
1430,-2.0,-2,-2
1431,-2.0,-2,-2
1432,-2.0,-2,-2
1433,-2.0,-2,-2
1434,-2.0,-2,-2
1435,-2.0,-2,-2
1436,-2.0,-2,-2
1437,-2.0,-2,-2
1438,-2.0,-2,-2
1439,-2.0,-2,-2
1440,-2.0,-2,-2
1441,-2.0,-2,-2
1442,-2.0,-2,-2
1443,-2.0,-2,-2
1444,-2.0,-2,-2
1445,-2.0,-2,-2
1446,-2.0,-2,-2
1447,-2.0,-2,-2
1448,-2.0,-2,-2
1449,-2.0,-2,-2
1450,-2.0,-2,-2
1451,-2.0,-2,-2
1452,-2.0,-2,-2
1453,-2.0,-2,-2
1454,-2.0,-2,-2
1455,-2.0,-2,-2
1456,-2.0,-2,-2
1457,-2.0,-2,-2
1458,-2.0,-2,-2
1459,-2.0,-2,-2
1460,-2.0,-2,-2
1461,-2.0,-2,-2
1462,-2.0,-2,-2
1463,-2.0,-2,-2
1464,-2.0,-2,-2
1465,-2.0,-2,-2
1466,-2.0,-2,-2
1467,-2.0,-2,-2
1468,-2.0,-2,-2
1469,-2.0,-2,-2
1470,-2.0,-2,-2
1471,-2.0,-2,-2
1472,-2.0,-2,-2
1473,-2.0,-2,-2
1474,-2.0,-2,-2
1475,-2.0,-2,-2
1476,-2.0,-2,-2
1477,-2.0,-2,-2
1478,-2.0,-2,-2
1479,-2.0,-2,-2
1480,-2.0,-2,-2
1481,-2.0,-2,-2
1482,-2.0,-2,-2
1483,-2.0,-2,-2
1484,-2.0,-2,-2
1485,-2.0,-2,-2
1486,-2.0,-2,-2
1487,-2.0,-2,-2
1488,-2.0,-2,-2
1489,-2.0,-2,-2
1490,-2.0,-2,-2
1491,-2.0,-2,-2
1492,-2.0,-2,-2
1493,-2.0,-2,-2
1494,-2.0,-2,-2
1495,-2.0,-2,-2
1496,-2.0,-2,-2
1497,-2.0,-2,-2
1498,-2.0,-2,-2
1499,-2.0,-2,-2
1500,-2.0,-2,-2
1501,-2.0,-2,-2
1502,-2.0,-2,-2
1503,-2.0,-2,-2
1504,-2.0,-2,-2
1505,-2.0,-2,-2
1506,-2.0,-2,-2
1507,-2.0,-2,-2
1508,-2.0,-2,-2
1509,-2.0,-2,-2
1510,-2.0,-2,-2
1511,-2.0,-2,-2
1512,-2.0,-2,-2
1513,-2.0,-2,-2
1514,-2.0,-2,-2
1515,-2.0,-2,-2
1516,-2.0,-2,-2
1517,-2.0,-2,-2
1518,-2.0,-2,-2
1519,-2.0,-2,-2
1520,-2.0,-2,-2
1521,-2.0,-2,-2
1522,-2.0,-2,-2
1523,-2.0,-2,-2
1524,-2.0,-2,-2
1525,-2.0,-2,-2
1526,-2.0,-2,-2
1527,-2.0,-2,-2
1528,-2.0,-2,-2
1529,-2.0,-2,-2
1530,-2.0,-2,-2
1531,-2.0,-2,-2
1532,-2.0,-2,-2
1533,-2.0,-2,-2
1534,-2.0,-2,-2
1535,-2.0,-2,-2
1536,-2.0,-2,-2
1537,-2.0,-2,-2
1538,-2.0,-2,-2
1539,-2.0,-2,-2
1540,-2.0,-2,-2
1541,-2.0,-2,-2
1542,-2.0,-2,-2
1543,-2.0,-2,-2
1544,-2.0,-2,-2
1545,-2.0,-2,-2
1546,-2.0,-2,-2
1547,-2.0,-2,-2
1548,-2.0,-2,-2
1549,-2.0,-2,-2
1550,-2.0,-2,-2
1551,-2.0,-2,-2
1552,-2.0,-2,-2
1553,-2.0,-2,-2
1554,-2.0,-2,-2
1555,-2.0,-2,-2
1556,-2.0,-2,-2
1557,-2.0,-2,-2
1558,-2.0,-2,-2
1559,-2.0,-2,-2
1560,-2.0,-2,-2
1561,-2.0,-2,-2
1562,-2.0,-2,-2
1563,-2.0,-2,-2
1564,-2.0,-2,-2
1565,-2.0,-2,-2
1566,-2.0,-2,-2
1567,-2.0,-2,-2
1568,-2.0,-2,-2
1569,-2.0,-2,-2
1570,-2.0,-2,-2
1571,-2.0,-2,-2
1572,-2.0,-2,-2
1573,-2.0,-2,-2
1574,-2.0,-2,-2
1575,-2.0,-2,-2
1576,-2.0,-2,-2
1577,-2.0,-2,-2
1578,-2.0,-2,-2
1579,-2.0,-2,-2
1580,-2.0,-2,-2
1581,-2.0,-2,-2
1582,-2.0,-2,-2
1583,-2.0,-2,-2
1584,-2.0,-2,-2
1585,-2.0,-2,-2
1586,-2.0,-2,-2
1587,-2.0,-2,-2
1588,-2.0,-2,-2
1589,-2.0,-2,-2
1590,-2.0,-2,-2
1591,-2.0,-2,-2
1592,-2.0,-2,-2
1593,-2.0,-2,-2
1594,-2.0,-2,-2
1595,-2.0,-2,-2
1596,-2.0,-2,-2
1597,-2.0,-2,-2
1598,-2.0,-2,-2
1599,-2.0,-2,-2
1600,-2.0,-2,-2
1601,-2.0,-2,-2
1602,-2.0,-2,-2
1603,-2.0,-2,-2
1604,-2.0,-2,-2
1605,-2.0,-2,-2
1606,-2.0,-2,-2
1607,-2.0,-2,-2
1608,-2.0,-2,-2
1609,-2.0,-2,-2
1610,-2.0,-2,-2
1611,-2.0,-2,-2
1612,-2.0,-2,-2
1613,-2.0,-2,-2
1614,-2.0,-2,-2
1615,-2.0,-2,-2
1616,-2.0,-2,-2
1617,-2.0,-2,-2
1618,-2.0,-2,-2
1619,-2.0,-2,-2
1620,-2.0,-2,-2
1621,-2.0,-2,-2
1622,-2.0,-2,-2
1623,-2.0,-2,-2
1624,-2.0,-2,-2
1625,-2.0,-2,-2
1626,-2.0,-2,-2
1627,-2.0,-2,-2
1628,-2.0,-2,-2
1629,-2.0,-2,-2
1630,-2.0,-2,-2
1631,-2.0,-2,-2
1632,-2.0,-2,-2
1633,-2.0,-2,-2
1634,-2.0,-2,-2
1635,-2.0,-2,-2
1636,-2.0,-2,-2
1637,-2.0,-2,-2
1638,-2.0,-2,-2
1639,-2.0,-2,-2
1640,-2.0,-2,-2
1641,-2.0,-2,-2
1642,-2.0,-2,-2
1643,-2.0,-2,-2
1644,-2.0,-2,-2
1645,-2.0,-2,-2
1646,-2.0,-2,-2
1647,-2.0,-2,-2
1648,-2.0,-2,-2
1649,-2.0,-2,-2
1650,-2.0,-2,-2
1651,-2.0,-2,-2
1652,-2.0,-2,-2
1653,-2.0,-2,-2
1654,-2.0,-2,-2
1655,-2.0,-2,-2
1656,-2.0,-2,-2
1657,-2.0,-2,-2
1658,-2.0,-2,-2
1659,-2.0,-2,-2
1660,-2.0,-2,-2
1661,-2.0,-2,-2
1662,-2.0,-2,-2
1663,-2.0,-2,-2
1664,-2.0,-2,-2
1665,-2.0,-2,-2
1666,-2.0,-2,-2
1667,-2.0,-2,-2
1668,-2.0,-2,-2
1669,-2.0,-2,-2
1670,-2.0,-2,-2
1671,-2.0,-2,-2
1672,-2.0,-2,-2
1673,-2.0,-2,-2
1674,-2.0,-2,-2
1675,-2.0,-2,-2
1676,-2.0,-2,-2
1677,-2.0,-2,-2
1678,-2.0,-2,-2
1679,-2.0,-2,-2
1680,-2.0,-2,-2
1681,-2.0,-2,-2
1682,-2.0,-2,-2
1683,-2.0,-2,-2
1684,-2.0,-2,-2
1685,-2.0,-2,-2
1686,-2.0,-2,-2
1687,-2.0,-2,-2
1688,-2.0,-2,-2
1689,-2.0,-2,-2
1690,-2.0,-2,-2
1691,-2.0,-2,-2
1692,-2.0,-2,-2
1693,-2.0,-2,-2
1694,-2.0,-2,-2
1695,-2.0,-2,-2
1696,-2.0,-2,-2
1697,-2.0,-2,-2
1698,-2.0,-2,-2
1699,-2.0,-2,-2
1700,-2.0,-2,-2
1701,-2.0,-2,-2
1702,-2.0,-2,-2
1703,-2.0,-2,-2
1704,-2.0,-2,-2
1705,-2.0,-2,-2
1706,-2.0,-2,-2
1707,-2.0,-2,-2
1708,-2.0,-2,-2
1709,-2.0,-2,-2
1710,-2.0,-2,-2
1711,-2.0,-2,-2
1712,-2.0,-2,-2
1713,-2.0,-2,-2
1714,-2.0,-2,-2
1715,-2.0,-2,-2
1716,-2.0,-2,-2
1717,-2.0,-2,-2
1718,-2.0,-2,-2
1719,-2.0,-2,-2
1720,-2.0,-2,-2
1721,-2.0,-2,-2
1722,-2.0,-2,-2
1723,-2.0,-2,-2
1724,-2.0,-2,-2
1725,-2.0,-2,-2
1726,-2.0,-2,-2
1727,-2.0,-2,-2
1728,-2.0,-2,-2
1729,-2.0,-2,-2
1730,-2.0,-2,-2
1731,-2.0,-2,-2
1732,-2.0,-2,-2
1733,-2.0,-2,-2
1734,-2.0,-2,-2
1735,-2.0,-2,-2
1736,-2.0,-2,-2
1737,-2.0,-2,-2
1738,-2.0,-2,-2
1739,-2.0,-2,-2
1740,-2.0,-2,-2
1741,-2.0,-2,-2
1742,-2.0,-2,-2
1743,-2.0,-2,-2
1744,-2.0,-2,-2
1745,-2.0,-2,-2
1746,-2.0,-2,-2
1747,-2.0,-2,-2
1748,-2.0,-2,-2
1749,-2.0,-2,-2
1750,-2.0,-2,-2
1751,-2.0,-2,-2
1752,-2.0,-2,-2
1753,-2.0,-2,-2
1754,-2.0,-2,-2
1755,-2.0,-2,-2
1756,-2.0,-2,-2
1757,-2.0,-2,-2
1758,-2.0,-2,-2
1759,-2.0,-2,-2
1760,-2.0,-2,-2
1761,-2.0,-2,-2
1762,-2.0,-2,-2
1763,-2.0,-2,-2
1764,-2.0,-2,-2
1765,-2.0,-2,-2
1766,-2.0,-2,-2
1767,-2.0,-2,-2
1768,-2.0,-2,-2
1769,-2.0,-2,-2
1770,-2.0,-2,-2
1771,-2.0,-2,-2
1772,-2.0,-2,-2
1773,-2.0,-2,-2
1774,-2.0,-2,-2
1775,-2.0,-2,-2
1776,-2.0,-2,-2
1777,-2.0,-2,-2
1778,-2.0,-2,-2
1779,-2.0,-2,-2
1780,-2.0,-2,-2
1781,-2.0,-2,-2
1782,-2.0,-2,-2
1783,-2.0,-2,-2
1784,-2.0,-2,-2
1785,-2.0,-2,-2
1786,-2.0,-2,-2
1787,-2.0,-2,-2
1788,-2.0,-2,-2
1789,-2.0,-2,-2
1790,-2.0,-2,-2
1791,-2.0,-2,-2
1792,-2.0,-2,-2
1793,-2.0,-2,-2
1794,-2.0,-2,-2
1795,-2.0,-2,-2
1796,-2.0,-2,-2
1797,-2.0,-2,-2
1798,-2.0,-2,-2
1799,-2.0,-2,-2
1800,-2.0,-2,-2
1801,-2.0,-2,-2
1802,-2.0,-2,-2
1803,-2.0,-2,-2
1804,-2.0,-2,-2
1805,-2.0,-2,-2
1806,-2.0,-2,-2
1807,-2.0,-2,-2
1808,-2.0,-2,-2
1809,-2.0,-2,-2
1810,-2.0,-2,-2
1811,-2.0,-2,-2
1812,-2.0,-2,-2
1813,-2.0,-2,-2
1814,-2.0,-2,-2
1815,-2.0,-2,-2
1816,-2.0,-2,-2
1817,-2.0,-2,-2
1818,-2.0,-2,-2
1819,-2.0,-2,-2
1820,-2.0,-2,-2
1821,-2.0,-2,-2
1822,-2.0,-2,-2
1823,-2.0,-2,-2
1824,-2.0,-2,-2
1825,-2.0,-2,-2
1826,-2.0,-2,-2
1827,-2.0,-2,-2
1828,-2.0,-2,-2
1829,-2.0,-2,-2
1830,-2.0,-2,-2
1831,-2.0,-2,-2
1832,-2.0,-2,-2
1833,-2.0,-2,-2
1834,-2.0,-2,-2
1835,-2.0,-2,-2
1836,-2.0,-2,-2
1837,-2.0,-2,-2
1838,-2.0,-2,-2
1839,-2.0,-2,-2
1840,-2.0,-2,-2
1841,-2.0,-2,-2
1842,-2.0,-2,-2
1843,-2.0,-2,-2
1844,-2.0,-2,-2
1845,-2.0,-2,-2
1846,-2.0,-2,-2
1847,-2.0,-2,-2
1848,-2.0,-2,-2
1849,-2.0,-2,-2
1850,-2.0,-2,-2
1851,-2.0,-2,-2
1852,-2.0,-2,-2
1853,-2.0,-2,-2
1854,-2.0,-2,-2
1855,-2.0,-2,-2
1856,-2.0,-2,-2
1857,-2.0,-2,-2
1858,-2.0,-2,-2
1859,-2.0,-2,-2
1860,-2.0,-2,-2
1861,-2.0,-2,-2
1862,-2.0,-2,-2
1863,-2.0,-2,-2
1864,-2.0,-2,-2
1865,-2.0,-2,-2
1866,-2.0,-2,-2
1867,-2.0,-2,-2
1868,-2.0,-2,-2
1869,-2.0,-2,-2
1870,-2.0,-2,-2
1871,-2.0,-2,-2
1872,-2.0,-2,-2
1873,-2.0,-2,-2
1874,-2.0,-2,-2
1875,-2.0,-2,-2
1876,-2.0,-2,-2
1877,-2.0,-2,-2
1878,-2.0,-2,-2
1879,-2.0,-2,-2
1880,-2.0,-2,-2
1881,-2.0,-2,-2
1882,-2.0,-2,-2
1883,-2.0,-2,-2
1884,-2.0,-2,-2
1885,-2.0,-2,-2
1886,-2.0,-2,-2
1887,-2.0,-2,-2
1888,-2.0,-2,-2
1889,-2.0,-2,-2
1890,-2.0,-2,-2
1891,-2.0,-2,-2
1892,-2.0,-2,-2
1893,-2.0,-2,-2
1894,-2.0,-2,-2
1895,-2.0,-2,-2
1896,-2.0,-2,-2
1897,-2.0,-2,-2
1898,-2.0,-2,-2
1899,-2.0,-2,-2
1900,-2.0,-2,-2
1901,-2.0,-2,-2
1902,-2.0,-2,-2
1903,-2.0,-2,-2
1904,-2.0,-2,-2
1905,-2.0,-2,-2
1906,-2.0,-2,-2
1907,-2.0,-2,-2
1908,-2.0,-2,-2
1909,-2.0,-2,-2
1910,-2.0,-2,-2
1911,-2.0,-2,-2
1912,-2.0,-2,-2
1913,-2.0,-2,-2
1914,-2.0,-2,-2
1915,-2.0,-2,-2
1916,-2.0,-2,-2
1917,-2.0,-2,-2
1918,-2.0,-2,-2
1919,-2.0,-2,-2
1920,-2.0,-2,-2
1921,-2.0,-2,-2
1922,-2.0,-2,-2
1923,-2.0,-2,-2
1924,-2.0,-2,-2
1925,-2.0,-2,-2
1926,-2.0,-2,-2
1927,-2.0,-2,-2
1928,-2.0,-2,-2
1929,-2.0,-2,-2
1930,-2.0,-2,-2
1931,-2.0,-2,-2
1932,-2.0,-2,-2
1933,-2.0,-2,-2
1934,-2.0,-2,-2
1935,-2.0,-2,-2
1936,-2.0,-2,-2
1937,-2.0,-2,-2
1938,-2.0,-2,-2
1939,-2.0,-2,-2
1940,-2.0,-2,-2
1941,-2.0,-2,-2
1942,-2.0,-2,-2
1943,-2.0,-2,-2
1944,-2.0,-2,-2
1945,-2.0,-2,-2
1946,-2.0,-2,-2
1947,-2.0,-2,-2
1948,-2.0,-2,-2
1949,-2.0,-2,-2
1950,-2.0,-2,-2
1951,-2.0,-2,-2
1952,-2.0,-2,-2
1953,-2.0,-2,-2
1954,-2.0,-2,-2
1955,-2.0,-2,-2
1956,-2.0,-2,-2
1957,-2.0,-2,-2
1958,-2.0,-2,-2
1959,-2.0,-2,-2
1960,-2.0,-2,-2
1961,-2.0,-2,-2
1962,-2.0,-2,-2
1963,-2.0,-2,-2
1964,-2.0,-2,-2
1965,-2.0,-2,-2
1966,-2.0,-2,-2
1967,-2.0,-2,-2
1968,-2.0,-2,-2
1969,-2.0,-2,-2
1970,-2.0,-2,-2
1971,-2.0,-2,-2
1972,-2.0,-2,-2
1973,-2.0,-2,-2
1974,-2.0,-2,-2
1975,-2.0,-2,-2
1976,-2.0,-2,-2
1977,-2.0,-2,-2
1978,-2.0,-2,-2
1979,-2.0,-2,-2
1980,-2.0,-2,-2
1981,-2.0,-2,-2
1982,-2.0,-2,-2
1983,-2.0,-2,-2
1984,-2.0,-2,-2
1985,-2.0,-2,-2
1986,-2.0,-2,-2
1987,-2.0,-2,-2
1988,-2.0,-2,-2
1989,-2.0,-2,-2
1990,-2.0,-2,-2
1991,-2.0,-2,-2
1992,-2.0,-2,-2
1993,-2.0,-2,-2
1994,-2.0,-2,-2
1995,-2.0,-2,-2
1996,-2.0,-2,-2
1997,-2.0,-2,-2
1998,-2.0,-2,-2
1999,-2.0,-2,-2
